fold: 0
score_best: 0.6772710951526032
score_holdout: 0.6796055272060089
score_last: 0.6771585016499257
score_snaphot: 0.6811707178796683
treshold_best: 0.3
treshold_holdout: 0.3
treshold_last: 0.34
treshold_snaphot: 0.3
