fold: 0
score_best: 0.6719497498447942
score_holdout: 0.6778262547116611
score_last: 0.6719497498447942
score_snaphot: 0.6719497498447942
treshold_best: 0.34
treshold_holdout: 0.36
treshold_last: 0.34
treshold_snaphot: 0.34
