fold: 1
score_best: 0.6752758184120095
score_holdout: 0.6763091699062428
score_last: 0.6752758184120095
score_snaphot: 0.6752758184120095
treshold_best: 0.36
treshold_holdout: 0.35
treshold_last: 0.36
treshold_snaphot: 0.36
