'Blend with averaged tresh:': 0.6968849727470416
best_score_average: 0.6844563920031271
best_treshold_average: 0.35
holdout_blend_score: 0.6972386872921786
holdout_blend_treshold: 0.35
holdout_super_blend_score: 0.6972386872921786
holdout_super_blend_treshold: 0.35
snapshot_score_average: 0.6844563920031271
snapshot_treshold_average: 0.35
