fold: 3
score_best: 0.6854082998661312
score_holdout: 0.6857647796590844
score_last: 0.6854082998661312
score_snaphot: 0.6854082998661312
treshold_best: 0.39
treshold_holdout: 0.37
treshold_last: 0.39
treshold_snaphot: 0.39
