fold: 1
score_best: 0.684985835694051
score_holdout: 0.6892377961747074
score_last: 0.684985835694051
score_snaphot: 0.684985835694051
treshold_best: 0.3
treshold_holdout: 0.31
treshold_last: 0.3
treshold_snaphot: 0.3
