fold: 0
score_best: 0.6837358161187083
score_holdout: 0.6809302325581396
score_last: 0.6837358161187083
score_snaphot: 0.6837358161187083
treshold_best: 0.33
treshold_holdout: 0.33
treshold_last: 0.33
treshold_snaphot: 0.33
