fold: 1
score_best: 0.5933597319524825
score_holdout: 0.5912475655859777
score_last: 0.5933597319524825
score_snaphot: 0.5933597319524825
treshold_best: 0.26
treshold_holdout: 0.3
treshold_last: 0.26
treshold_snaphot: 0.26
