fold: 1
score_best: 0.6730952633252093
score_holdout: 0.6738499554636095
score_last: 0.6730952633252093
score_snaphot: 0.6730952633252093
treshold_best: 0.27
treshold_holdout: 0.29
treshold_last: 0.27
treshold_snaphot: 0.27
