fold: 0
score_best: 0.6718107737794764
score_holdout: 0.673523161920952
score_last: 0.6761339550657057
score_snaphot: 0.6784992466835703
treshold_best: 0.31
treshold_holdout: 0.3
treshold_last: 0.26
treshold_snaphot: 0.31
