fold: 1
score_best: 0.6852386237513874
score_holdout: 0.6831807679934488
score_last: 0.6852386237513874
score_snaphot: 0.6852386237513874
treshold_best: 0.39
treshold_holdout: 0.38
treshold_last: 0.39
treshold_snaphot: 0.39
