fold: 0
score_best: 0.6507246376811594
score_holdout: 0.6567840948726893
score_last: 0.6507246376811594
score_snaphot: 0.6507246376811594
treshold_best: 0.35
treshold_holdout: 0.35
treshold_last: 0.35
treshold_snaphot: 0.35
