fold: 1
score_best: 0.6568568497753882
score_holdout: 0.656856734109953
score_last: 0.6568568497753882
score_snaphot: 0.6568568497753882
treshold_best: 0.33
treshold_holdout: 0.36
treshold_last: 0.33
treshold_snaphot: 0.33
