fold: 1
score_best: 0.671450123265997
score_holdout: 0.6750285731031856
score_last: 0.671450123265997
score_snaphot: 0.671450123265997
treshold_best: 0.33
treshold_holdout: 0.33
treshold_last: 0.33
treshold_snaphot: 0.33
