fold: 0
score_best: 0.6810448468068053
score_holdout: 0.684466575091575
score_last: 0.6834206179044673
score_snaphot: 0.6869163971950731
treshold_best: 0.41
treshold_holdout: 0.39
treshold_last: 0.41
treshold_snaphot: 0.42
