fold: 4
score_best: 0.6844601769911505
score_holdout: 0.6855325914149443
score_last: 0.6844601769911505
score_snaphot: 0.6844601769911505
treshold_best: 0.24
treshold_holdout: 0.27
treshold_last: 0.24
treshold_snaphot: 0.24
