fold: 1
score_best: 0.6626836972943277
score_holdout: 0.6617956445101496
score_last: 0.6626836972943277
score_snaphot: 0.6626836972943277
treshold_best: 0.31
treshold_holdout: 0.35
treshold_last: 0.31
treshold_snaphot: 0.31
