fold: 3
score_best: 0.6880023275266393
score_holdout: 0.6867196367763904
score_last: 0.6858278438155522
score_snaphot: 0.6924715652644883
treshold_best: 0.35
treshold_holdout: 0.32
treshold_last: 0.36
treshold_snaphot: 0.34
