fold: 0
score_best: 0.6880814592337557
score_holdout: 0.6878520625889047
score_last: 0.6817758682420336
score_snaphot: 0.6904891205966475
treshold_best: 0.42
treshold_holdout: 0.39
treshold_last: 0.41
treshold_snaphot: 0.41
