fold: 4
score_best: 0.6797632629777524
score_holdout: 0.6785064007395166
score_last: 0.6797632629777524
score_snaphot: 0.6797632629777524
treshold_best: 0.29
treshold_holdout: 0.27
treshold_last: 0.29
treshold_snaphot: 0.29
