fold: 2
score_best: 0.6820617033068539
score_holdout: 0.6825118697716481
score_last: 0.6796557064140887
score_snaphot: 0.6861998448628447
treshold_best: 0.4
treshold_holdout: 0.35
treshold_last: 0.39
treshold_snaphot: 0.35
