fold: 3
score_best: 0.6796701899676728
score_holdout: 0.6805250375852896
score_last: 0.6796701899676728
score_snaphot: 0.6796701899676728
treshold_best: 0.33
treshold_holdout: 0.33
treshold_last: 0.33
treshold_snaphot: 0.33
