fold: 0
score_best: 0.6729032724120495
score_holdout: 0.6773642881529532
score_last: 0.6729032724120495
score_snaphot: 0.6729032724120495
treshold_best: 0.32
treshold_holdout: 0.31
treshold_last: 0.32
treshold_snaphot: 0.32
