fold: 1
score_best: 0.6758670520231215
score_holdout: 0.6733102728820074
score_last: 0.6758670520231215
score_snaphot: 0.6758670520231215
treshold_best: 0.44
treshold_holdout: 0.39
treshold_last: 0.44
treshold_snaphot: 0.44
