fold: 1
score_best: 0.6860708386859974
score_holdout: 0.6817150570058299
score_last: 0.6860708386859974
score_snaphot: 0.6860708386859974
treshold_best: 0.4
treshold_holdout: 0.38
treshold_last: 0.4
treshold_snaphot: 0.4
