fold: 0
score_best: 0.6805860287352253
score_holdout: 0.6843532602287464
score_last: 0.6809373110976782
score_snaphot: 0.6842608248180548
treshold_best: 0.3
treshold_holdout: 0.35
treshold_last: 0.4
treshold_snaphot: 0.39
