fold: 1
score_best: 0.6834363366944955
score_holdout: 0.67981027487285
score_last: 0.6857225246008001
score_snaphot: 0.686046511627907
treshold_best: 0.34
treshold_holdout: 0.33
treshold_last: 0.39
treshold_snaphot: 0.35
