fold: 1
score_best: 0.6686925744521112
score_holdout: 0.6647290135065823
score_last: 0.6686925744521112
score_snaphot: 0.6686925744521112
treshold_best: 0.34
treshold_holdout: 0.34
treshold_last: 0.34
treshold_snaphot: 0.34
