'Blend with averaged tresh:': 0.6189245922816083
best_score_average: 0.6258209057481574
best_treshold_average: 0.33
holdout_blend_score: 0.6326369728025227
holdout_blend_treshold: 0.3
holdout_super_blend_score: 0.6213469598667968
holdout_super_blend_treshold: 0.31
snapshot_score_average: 0.6106093703300163
snapshot_treshold_average: 0.275
