fold: 1
score_best: 0.6536834376420405
score_holdout: 0.6560018820208199
score_last: 0.6536834376420405
score_snaphot: 0.6536834376420405
treshold_best: 0.38
treshold_holdout: 0.43
treshold_last: 0.38
treshold_snaphot: 0.38
