fold: 1
score_best: 0.6648577243029026
score_holdout: 0.6632136020718387
score_last: 0.6648577243029026
score_snaphot: 0.6648577243029026
treshold_best: 0.35
treshold_holdout: 0.34
treshold_last: 0.35
treshold_snaphot: 0.35
