fold: 0
score_best: 0.6634296119104574
score_holdout: 0.6669300894696735
score_last: 0.6634296119104574
score_snaphot: 0.6634296119104574
treshold_best: 0.37
treshold_holdout: 0.36
treshold_last: 0.37
treshold_snaphot: 0.37
