fold: 3
score_best: 0.6856449299349001
score_holdout: 0.6866144404536327
score_last: 0.6856449299349001
score_snaphot: 0.6856449299349001
treshold_best: 0.34
treshold_holdout: 0.29
treshold_last: 0.34
treshold_snaphot: 0.34
