'Blend with averaged tresh:': 0.6966913304481362
best_score_average: 0.6826232932506384
best_treshold_average: 0.328
holdout_blend_score: 0.6976240052482958
holdout_blend_treshold: 0.32
holdout_super_blend_score: 0.6992822279643984
holdout_super_blend_treshold: 0.33
snapshot_score_average: 0.6841855849400462
snapshot_treshold_average: 0.324
