fold: 4
score_best: 0.680480670965923
score_holdout: 0.6801253846375062
score_last: 0.680480670965923
score_snaphot: 0.680480670965923
treshold_best: 0.38
treshold_holdout: 0.41
treshold_last: 0.38
treshold_snaphot: 0.38
