'Blend with averaged tresh:': 0.6715165081141578
'Time per epoch:': 63.91039168834686
'Time per fold:': 265.48320484161377
'Total work time:': 530.9664096832275
best_score_average: 0.6597375533755496
best_treshold_average: 0.31
holdout_blend_score: 0.6692668588547849
holdout_blend_treshold: 0.31
holdout_super_blend_score: 0.6715672198931832
holdout_super_blend_treshold: 0.36
snapshot_score_average: 0.6631030296124587
snapshot_treshold_average: 0.36
