'Blend with averaged tresh:': 0.6723717767072825
'Time per epoch:': 64.25315543015797
'Time per fold:': 247.65638935565948
'Total work time:': 495.31277871131897
best_score_average: 0.6610184164943365
best_treshold_average: 0.36
holdout_blend_score: 0.6702834053855501
holdout_blend_treshold: 0.35
holdout_super_blend_score: 0.6727729270102152
holdout_super_blend_treshold: 0.37
snapshot_score_average: 0.6625509610432079
snapshot_treshold_average: 0.39
