fold: 0
score_best: 0.6588955267375783
score_holdout: 0.6660507824528988
score_last: 0.6588955267375783
score_snaphot: 0.6588955267375783
treshold_best: 0.38
treshold_holdout: 0.34
treshold_last: 0.38
treshold_snaphot: 0.38
