fold: 0
score_best: 0.6809562119296633
score_holdout: 0.6811581550996653
score_last: 0.6809562119296633
score_snaphot: 0.6809562119296633
treshold_best: 0.33
treshold_holdout: 0.35
treshold_last: 0.33
treshold_snaphot: 0.33
