fold: 1
score_best: 0.6858515966532527
score_holdout: 0.6891098186402316
score_last: 0.6858515966532527
score_snaphot: 0.6858515966532527
treshold_best: 0.44
treshold_holdout: 0.43
treshold_last: 0.44
treshold_snaphot: 0.44
