fold: 0
score_best: 0.6717486221458735
score_holdout: 0.6755573713085095
score_last: 0.6701295054925771
score_snaphot: 0.6751455503188245
treshold_best: 0.35
treshold_holdout: 0.37
treshold_last: 0.46
treshold_snaphot: 0.38
