fold: 0
score_best: 0.6698912608648215
score_holdout: 0.6748966467615984
score_last: 0.6808371721861511
score_snaphot: 0.6775067750677507
treshold_best: 0.34
treshold_holdout: 0.33
treshold_last: 0.27
treshold_snaphot: 0.3
