fold: 1
score_best: 0.663078034682081
score_holdout: 0.6632446459634413
score_last: 0.663078034682081
score_snaphot: 0.663078034682081
treshold_best: 0.36
treshold_holdout: 0.35
treshold_last: 0.36
treshold_snaphot: 0.36
