fold: 0
score_best: 0.6586008884394525
score_holdout: 0.6631429974294544
score_last: 0.6586008884394525
score_snaphot: 0.6586008884394525
treshold_best: 0.37
treshold_holdout: 0.37
treshold_last: 0.37
treshold_snaphot: 0.37
