fold: 0
score_best: 0.6764854523139124
score_holdout: 0.6778213907114002
score_last: 0.6781785063752277
score_snaphot: 0.6806782055810667
treshold_best: 0.34
treshold_holdout: 0.33
treshold_last: 0.46
treshold_snaphot: 0.37
