fold: 0
score_best: 0.6671933352484918
score_holdout: 0.6690193378091468
score_last: 0.6671933352484918
score_snaphot: 0.6671933352484918
treshold_best: 0.42
treshold_holdout: 0.42
treshold_last: 0.42
treshold_snaphot: 0.42
