fold: 0
score_best: 0.6696035242290749
score_holdout: 0.6716625195301198
score_last: 0.6696035242290749
score_snaphot: 0.6696035242290749
treshold_best: 0.36
treshold_holdout: 0.36
treshold_last: 0.36
treshold_snaphot: 0.36
