fold: 0
score_best: 0.6831442463533225
score_holdout: 0.6857255409550072
score_last: 0.6831442463533225
score_snaphot: 0.6831442463533225
treshold_best: 0.38
treshold_holdout: 0.34
treshold_last: 0.38
treshold_snaphot: 0.38
