fold: 3
score_best: 0.6854219948849104
score_holdout: 0.6827505761188085
score_last: 0.6854219948849104
score_snaphot: 0.6854219948849104
treshold_best: 0.3
treshold_holdout: 0.29
treshold_last: 0.3
treshold_snaphot: 0.3
