fold: 0
score_best: 0.6551407155989252
score_holdout: 0.6610519175875419
score_last: 0.6551407155989252
score_snaphot: 0.6551407155989252
treshold_best: 0.36
treshold_holdout: 0.36
treshold_last: 0.36
treshold_snaphot: 0.36
