'Blend with averaged tresh:': 0.6920534478375095
'Time per epoch:': 65.8077597088284
'Time per fold:': 650.0837451219559
'Total work time:': 1300.1674902439117
best_score_average: 0.6818822821419115
best_treshold_average: 0.32
holdout_blend_score: 0.6889726940199054
holdout_blend_treshold: 0.31
holdout_super_blend_score: 0.6931834475638782
holdout_super_blend_treshold: 0.37
snapshot_score_average: 0.6868466644340452
snapshot_treshold_average: 0.38
