fold: 1
score_best: 0.6712434868328404
score_holdout: 0.6680978960927437
score_last: 0.6712434868328404
score_snaphot: 0.6712434868328404
treshold_best: 0.36
treshold_holdout: 0.38
treshold_last: 0.36
treshold_snaphot: 0.36
