'Blend with averaged tresh:': 0.6715159062606135
'Time per epoch:': 50.06787959734599
'Time per fold:': 204.29899847507477
'Total work time:': 408.59799695014954
best_score_average: 0.6664763452623901
best_treshold_average: 0.385
holdout_blend_score: 0.6722358722358721
holdout_blend_treshold: 0.38
holdout_super_blend_score: 0.6722358722358721
holdout_super_blend_treshold: 0.38
snapshot_score_average: 0.6664763452623901
snapshot_treshold_average: 0.385
