fold: 1
score_best: 0.6755264189261411
score_holdout: 0.675385095458285
score_last: 0.6755264189261411
score_snaphot: 0.6755264189261411
treshold_best: 0.38
treshold_holdout: 0.38
treshold_last: 0.38
treshold_snaphot: 0.38
