'Blend with averaged tresh:': 0.677711963830944
'Time per epoch:': 39.07773653666179
'Time per fold:': 238.13810682296753
'Total work time:': 476.27621364593506
best_score_average: 0.6681285312339535
best_treshold_average: 0.36
holdout_blend_score: 0.6783326219945939
holdout_blend_treshold: 0.33
holdout_super_blend_score: 0.6783326219945939
holdout_super_blend_treshold: 0.33
snapshot_score_average: 0.6681285312339535
snapshot_treshold_average: 0.36
