fold: 0
score_best: 0.6668626874448691
score_holdout: 0.6701763323993094
score_last: 0.6668626874448691
score_snaphot: 0.6668626874448691
treshold_best: 0.34
treshold_holdout: 0.31
treshold_last: 0.34
treshold_snaphot: 0.34
