fold: 0
score_best: 0.6661859089925724
score_holdout: 0.6712927268054485
score_last: 0.6661859089925724
score_snaphot: 0.6661859089925724
treshold_best: 0.37
treshold_holdout: 0.36
treshold_last: 0.37
treshold_snaphot: 0.37
