'Blend with averaged tresh:': 0.6786709778124651
'Time per epoch:': 38.52180143197377
'Time per fold:': 173.3503144979477
'Total work time:': 346.7006289958954
best_score_average: 0.6708561639593567
best_treshold_average: 0.375
holdout_blend_score: 0.679195249899118
holdout_blend_treshold: 0.38
holdout_super_blend_score: 0.679195249899118
holdout_super_blend_treshold: 0.38
snapshot_score_average: 0.6708561639593567
snapshot_treshold_average: 0.375
