fold: 1
score_best: 0.6528426651333286
score_holdout: 0.6542072322670376
score_last: 0.6528426651333286
score_snaphot: 0.6528426651333286
treshold_best: 0.4
treshold_holdout: 0.41
treshold_last: 0.4
treshold_snaphot: 0.4
