fold: 0
score_best: 0.6473804265179768
score_holdout: 0.655125517085057
score_last: 0.6473804265179768
score_snaphot: 0.6473804265179768
treshold_best: 0.37
treshold_holdout: 0.35
treshold_last: 0.37
treshold_snaphot: 0.37
