fold: 0
score_best: 0.6827578895289254
score_holdout: 0.6857027950935048
score_last: 0.6700167504187604
score_snaphot: 0.6834854047766185
treshold_best: 0.33
treshold_holdout: 0.35
treshold_last: 0.3
treshold_snaphot: 0.36
