fold: 1
score_best: 0.6650443120732239
score_holdout: 0.6667418136729977
score_last: 0.6650443120732239
score_snaphot: 0.6650443120732239
treshold_best: 0.32
treshold_holdout: 0.29
treshold_last: 0.32
treshold_snaphot: 0.32
