fold: 1
score_best: 0.6872844827586208
score_holdout: 0.6873942349060662
score_last: 0.6869734760696022
score_snaphot: 0.6907323349655099
treshold_best: 0.33
treshold_holdout: 0.33
treshold_last: 0.44
treshold_snaphot: 0.36
