fold: 4
score_best: 0.6873796104729971
score_holdout: 0.6809012012184608
score_last: 0.6873796104729971
score_snaphot: 0.6873796104729971
treshold_best: 0.29
treshold_holdout: 0.31
treshold_last: 0.29
treshold_snaphot: 0.29
