fold: 3
score_best: 0.6846280282998641
score_holdout: 0.6847651775486827
score_last: 0.6845682204328877
score_snaphot: 0.6884454689526004
treshold_best: 0.33
treshold_holdout: 0.33
treshold_last: 0.36
treshold_snaphot: 0.33
