fold: 3
score_best: 0.6848699934815674
score_holdout: 0.6830416068866572
score_last: 0.6842221242838253
score_snaphot: 0.6884006964768644
treshold_best: 0.33
treshold_holdout: 0.32
treshold_last: 0.35
treshold_snaphot: 0.36
