fold: 4
score_best: 0.6854185257897555
score_holdout: 0.6865423719105307
score_last: 0.6838631417460489
score_snaphot: 0.6893905858049283
treshold_best: 0.39
treshold_holdout: 0.4
treshold_last: 0.36
treshold_snaphot: 0.41
