fold: 0
score_best: 0.6854208851605439
score_holdout: 0.68359375
score_last: 0.6854208851605439
score_snaphot: 0.6854208851605439
treshold_best: 0.42
treshold_holdout: 0.43
treshold_last: 0.42
treshold_snaphot: 0.42
