fold: 1
score_best: 0.697969543147208
score_holdout: 0.6855244200064688
score_last: 0.6078247712371209
score_snaphot: 0.6710630965005302
treshold_best: 0.33
treshold_holdout: 0.35
treshold_last: 0.29
treshold_snaphot: 0.24
