fold: 1
score_best: 0.684115456924835
score_holdout: 0.6845327890673529
score_last: 0.6784844097602317
score_snaphot: 0.687400434467777
treshold_best: 0.37
treshold_holdout: 0.38
treshold_last: 0.31
treshold_snaphot: 0.34
