fold: 0
score_best: 0.6747125615939441
score_holdout: 0.6765454442622023
score_last: 0.6747125615939441
score_snaphot: 0.6747125615939441
treshold_best: 0.37
treshold_holdout: 0.36
treshold_last: 0.37
treshold_snaphot: 0.37
