fold: 1
score_best: 0.6741701097022367
score_holdout: 0.674216621253406
score_last: 0.6741701097022367
score_snaphot: 0.6741701097022367
treshold_best: 0.37
treshold_holdout: 0.37
treshold_last: 0.37
treshold_snaphot: 0.37
