fold: 0
score_best: 0.6664037572150718
score_holdout: 0.6722884065763038
score_last: 0.6664037572150718
score_snaphot: 0.6664037572150718
treshold_best: 0.35
treshold_holdout: 0.34
treshold_last: 0.35
treshold_snaphot: 0.35
