fold: 2
score_best: 0.6813515981735161
score_holdout: 0.6810958751082191
score_last: 0.6784947775075119
score_snaphot: 0.685718440954043
treshold_best: 0.31
treshold_holdout: 0.27
treshold_last: 0.5
treshold_snaphot: 0.41
