fold: 3
score_best: 0.6830500523257912
score_holdout: 0.6836740472280424
score_last: 0.6757408195094285
score_snaphot: 0.6846265409717186
treshold_best: 0.37
treshold_holdout: 0.35
treshold_last: 0.34
treshold_snaphot: 0.37
