fold: 1
score_best: 0.6544342507645261
score_holdout: 0.6535568697249813
score_last: 0.6544342507645261
score_snaphot: 0.6544342507645261
treshold_best: 0.29
treshold_holdout: 0.32
treshold_last: 0.29
treshold_snaphot: 0.29
