'Blend with averaged tresh:': 0.6997526884708367
best_score_average: 0.6842009256776501
best_treshold_average: 0.314
holdout_blend_score: 0.6953619715899366
holdout_blend_treshold: 0.3
holdout_super_blend_score: 0.7009235274242595
holdout_super_blend_treshold: 0.29
snapshot_score_average: 0.6789980221365959
snapshot_treshold_average: 0.29600000000000004
