fold: 3
score_best: 0.6866671521153427
score_holdout: 0.6825342853904568
score_last: 0.6615933927218957
score_snaphot: 0.6800797534892151
treshold_best: 0.32
treshold_holdout: 0.29
treshold_last: 0.29
treshold_snaphot: 0.32
