fold: 2
score_best: 0.6837347219208794
score_holdout: 0.685748394065147
score_last: 0.6714438502673796
score_snaphot: 0.68478737395879
treshold_best: 0.33
treshold_holdout: 0.31
treshold_last: 0.32
treshold_snaphot: 0.35
