fold: 3
score_best: 0.6853373622729115
score_holdout: 0.6828436130474426
score_last: 0.6765172264667724
score_snaphot: 0.685100413467218
treshold_best: 0.35
treshold_holdout: 0.35
treshold_last: 0.46
treshold_snaphot: 0.42
