fold: 1
score_best: 0.6790906224822223
score_holdout: 0.6791868683918454
score_last: 0.6790906224822223
score_snaphot: 0.6790906224822223
treshold_best: 0.28
treshold_holdout: 0.32
treshold_last: 0.28
treshold_snaphot: 0.28
