fold: 1
score_best: 0.6867687086853547
score_holdout: 0.6835724676954674
score_last: 0.6867687086853547
score_snaphot: 0.6867687086853547
treshold_best: 0.33
treshold_holdout: 0.34
treshold_last: 0.33
treshold_snaphot: 0.33
