fold: 0
score_best: 0.6702962596337411
score_holdout: 0.6748692884746533
score_last: 0.6702962596337411
score_snaphot: 0.6702962596337411
treshold_best: 0.34
treshold_holdout: 0.35
treshold_last: 0.34
treshold_snaphot: 0.34
