fold: 1
score_best: 0.6733461237831307
score_holdout: 0.6734722812987382
score_last: 0.6733461237831307
score_snaphot: 0.6733461237831307
treshold_best: 0.35
treshold_holdout: 0.35
treshold_last: 0.35
treshold_snaphot: 0.35
