fold: 1
score_best: 0.6802052785923753
score_holdout: 0.6760668115776227
score_last: 0.6802052785923753
score_snaphot: 0.6802052785923753
treshold_best: 0.31
treshold_holdout: 0.29
treshold_last: 0.31
treshold_snaphot: 0.31
