fold: 0
score_best: 0.6738500089493467
score_holdout: 0.6785322031034385
score_last: 0.6738500089493467
score_snaphot: 0.6738500089493467
treshold_best: 0.34
treshold_holdout: 0.33
treshold_last: 0.34
treshold_snaphot: 0.34
