fold: 0
score_best: 0.6736055119841677
score_holdout: 0.6764832762934629
score_last: 0.6736055119841677
score_snaphot: 0.6736055119841677
treshold_best: 0.38
treshold_holdout: 0.36
treshold_last: 0.38
treshold_snaphot: 0.38
