fold: 1
score_best: 0.6780760223383174
score_holdout: 0.6786740204527175
score_last: 0.6780760223383174
score_snaphot: 0.6780760223383174
treshold_best: 0.36
treshold_holdout: 0.36
treshold_last: 0.36
treshold_snaphot: 0.36
