fold: 0
score_best: 0.6842479891807246
score_holdout: 0.6834165089198647
score_last: 0.6588276343335661
score_snaphot: 0.6810709253170503
treshold_best: 0.34
treshold_holdout: 0.35
treshold_last: 0.23
treshold_snaphot: 0.32
