fold: 0
score_best: 0.66176630336387
score_holdout: 0.6646187730025792
score_last: 0.66176630336387
score_snaphot: 0.66176630336387
treshold_best: 0.37
treshold_holdout: 0.37
treshold_last: 0.37
treshold_snaphot: 0.37
