fold: 1
score_best: 0.662993505071882
score_holdout: 0.6617542865240186
score_last: 0.662993505071882
score_snaphot: 0.662993505071882
treshold_best: 0.36
treshold_holdout: 0.33
treshold_last: 0.36
treshold_snaphot: 0.36
