fold: 1
score_best: 0.6511100881696823
score_holdout: 0.6507326873079651
score_last: 0.6511100881696823
score_snaphot: 0.6511100881696823
treshold_best: 0.31
treshold_holdout: 0.35
treshold_last: 0.31
treshold_snaphot: 0.31
