fold: 0
score_best: 0.6655766296054065
score_holdout: 0.6689897493974504
score_last: 0.6652713728272437
score_snaphot: 0.6674083910562395
treshold_best: 0.29
treshold_holdout: 0.29
treshold_last: 0.41
treshold_snaphot: 0.35
