fold: 0
score_best: 0.6746649373108516
score_holdout: 0.6760668542875194
score_last: 0.6746649373108516
score_snaphot: 0.6746649373108516
treshold_best: 0.33
treshold_holdout: 0.33
treshold_last: 0.33
treshold_snaphot: 0.33
