fold: 1
score_best: 0.6822832919163866
score_holdout: 0.6799345999887242
score_last: 0.6822832919163866
score_snaphot: 0.6822832919163866
treshold_best: 0.36
treshold_holdout: 0.32
treshold_last: 0.36
treshold_snaphot: 0.36
