fold: 1
score_best: 0.6462478629369611
score_holdout: 0.648668106551476
score_last: 0.6584232721034952
score_snaphot: 0.6548375319459657
treshold_best: 0.35
treshold_holdout: 0.31
treshold_last: 0.25
treshold_snaphot: 0.31
