fold: 0
score_best: 0.6519755720697521
score_holdout: 0.6578063299345789
score_last: 0.6519755720697521
score_snaphot: 0.6519755720697521
treshold_best: 0.3
treshold_holdout: 0.3
treshold_last: 0.3
treshold_snaphot: 0.3
