fold: 0
score_best: 0.6528436883989195
score_holdout: 0.657444697367653
score_last: 0.6528436883989195
score_snaphot: 0.6528436883989195
treshold_best: 0.36
treshold_holdout: 0.36
treshold_last: 0.36
treshold_snaphot: 0.36
