fold: 1
score_best: 0.6586023412557646
score_holdout: 0.6579810181190682
score_last: 0.6586023412557646
score_snaphot: 0.6586023412557646
treshold_best: 0.3
treshold_holdout: 0.32
treshold_last: 0.3
treshold_snaphot: 0.3
