fold: 1
score_best: 0.690257326455926
score_holdout: 0.6859869848156183
score_last: 0.6824000957166786
score_snaphot: 0.6923605937302998
treshold_best: 0.27
treshold_holdout: 0.28
treshold_last: 0.35
treshold_snaphot: 0.28
