fold: 0
score_best: 0.6887679927462314
score_holdout: 0.6897817662655517
score_last: 0.6845915201654602
score_snaphot: 0.6924156900948397
treshold_best: 0.33
treshold_holdout: 0.37
treshold_last: 0.32
treshold_snaphot: 0.31
