fold: 2
score_best: 0.6877195019301657
score_holdout: 0.686106346483705
score_last: 0.6839967506092608
score_snaphot: 0.6892548276270585
treshold_best: 0.33
treshold_holdout: 0.36
treshold_last: 0.35
treshold_snaphot: 0.37
