fold: 1
score_best: 0.6826639478571168
score_holdout: 0.6819072501632919
score_last: 0.6826639478571168
score_snaphot: 0.6826639478571168
treshold_best: 0.34
treshold_holdout: 0.32
treshold_last: 0.34
treshold_snaphot: 0.34
