fold: 1
score_best: 0.6843341737336694
score_holdout: 0.6843101241164357
score_last: 0.6805167289527116
score_snaphot: 0.6892609465223573
treshold_best: 0.32
treshold_holdout: 0.29
treshold_last: 0.45
treshold_snaphot: 0.38
