fold: 1
score_best: 0.6653655074520937
score_holdout: 0.6675256993958137
score_last: 0.6653655074520937
score_snaphot: 0.6653655074520937
treshold_best: 0.39
treshold_holdout: 0.4
treshold_last: 0.39
treshold_snaphot: 0.39
