fold: 0
score_best: 0.6614983486876412
score_holdout: 0.6645423767390253
score_last: 0.6614983486876412
score_snaphot: 0.6614983486876412
treshold_best: 0.36
treshold_holdout: 0.38
treshold_last: 0.36
treshold_snaphot: 0.36
