'Blend with averaged tresh:': 0.6960060624771955
best_score_average: 0.6847154411808845
best_treshold_average: 0.30750000000000005
holdout_blend_score: 0.6957912507774783
holdout_blend_treshold: 0.35
holdout_super_blend_score: 0.6977944626935711
holdout_super_blend_treshold: 0.36
snapshot_score_average: 0.6868715455312635
snapshot_treshold_average: 0.335
