fold: 2
score_best: 0.6832298136645962
score_holdout: 0.6855334958783235
score_last: 0.6660371876815805
score_snaphot: 0.6825904949519823
treshold_best: 0.37
treshold_holdout: 0.39
treshold_last: 0.19
treshold_snaphot: 0.26
