fold: 0
score_best: 0.6727147367275103
score_holdout: 0.676125919117647
score_last: 0.6731355901054875
score_snaphot: 0.6749476314725662
treshold_best: 0.36
treshold_holdout: 0.35
treshold_last: 0.49
treshold_snaphot: 0.43
