fold: 1
score_best: 0.6798785931083735
score_holdout: 0.6758142599329686
score_last: 0.6816525347284865
score_snaphot: 0.6820677361853832
treshold_best: 0.32
treshold_holdout: 0.33
treshold_last: 0.38
treshold_snaphot: 0.34
