fold: 0
score_best: 0.6600882701209229
score_holdout: 0.6628785789154301
score_last: 0.6676489005119894
score_snaphot: 0.6676285982252363
treshold_best: 0.38
treshold_holdout: 0.34
treshold_last: 0.46
treshold_snaphot: 0.41
