fold: 1
score_best: 0.6704983528422234
score_holdout: 0.6705070471957426
score_last: 0.6704983528422234
score_snaphot: 0.6704983528422234
treshold_best: 0.3
treshold_holdout: 0.35
treshold_last: 0.3
treshold_snaphot: 0.3
