'Blend with averaged tresh:': 0.6985490163060256
best_score_average: 0.6881816828131185
best_treshold_average: 0.33999999999999997
holdout_blend_score: 0.6957767849616454
holdout_blend_treshold: 0.3
holdout_super_blend_score: 0.6987479771740057
holdout_super_blend_treshold: 0.33
snapshot_score_average: 0.6909203026745533
snapshot_treshold_average: 0.33999999999999997
