fold: 3
score_best: 0.6143280519776588
score_holdout: 0.6178484585930294
score_last: 0.6143280519776588
score_snaphot: 0.6143280519776588
treshold_best: 0.32
treshold_holdout: 0.31
treshold_last: 0.32
treshold_snaphot: 0.32
