'Blend with averaged tresh:': 0.6209006959677201
best_score_average: 0.6161273406859353
best_treshold_average: 0.3125
holdout_blend_score: 0.6213432220848785
holdout_blend_treshold: 0.3
holdout_super_blend_score: 0.6218742245871356
holdout_super_blend_treshold: 0.3
snapshot_score_average: 0.6171087488187041
snapshot_treshold_average: 0.31000000000000005
