fold: 0
score_best: 0.6806491342461782
score_holdout: 0.6859716126090178
score_last: 0.6806491342461782
score_snaphot: 0.6806491342461782
treshold_best: 0.36
treshold_holdout: 0.34
treshold_last: 0.36
treshold_snaphot: 0.36
