fold: 2
score_best: 0.6853776111408676
score_holdout: 0.6861683548725114
score_last: 0.6853776111408676
score_snaphot: 0.6853776111408676
treshold_best: 0.34
treshold_holdout: 0.37
treshold_last: 0.34
treshold_snaphot: 0.34
