fold: 0
score_best: 0.6791238067046548
score_holdout: 0.6788025650876208
score_last: 0.6791238067046548
score_snaphot: 0.6791238067046548
treshold_best: 0.35
treshold_holdout: 0.35
treshold_last: 0.35
treshold_snaphot: 0.35
