fold: 1
score_best: 0.6882063170095624
score_holdout: 0.6857980006894173
score_last: 0.6882063170095624
score_snaphot: 0.6882063170095624
treshold_best: 0.37
treshold_holdout: 0.36
treshold_last: 0.37
treshold_snaphot: 0.37
