fold: 1
score_best: 0.6695102114585216
score_holdout: 0.6683755387172192
score_last: 0.6728261255818911
score_snaphot: 0.6739021419872484
treshold_best: 0.33
treshold_holdout: 0.31
treshold_last: 0.23
treshold_snaphot: 0.28
