fold: 0
score_best: 0.6660746003552398
score_holdout: 0.6705639614855571
score_last: 0.6660746003552398
score_snaphot: 0.6660746003552398
treshold_best: 0.37
treshold_holdout: 0.34
treshold_last: 0.37
treshold_snaphot: 0.37
