fold: 1
score_best: 0.6788154897494305
score_holdout: 0.6794103445337574
score_last: 0.6788154897494305
score_snaphot: 0.6788154897494305
treshold_best: 0.29
treshold_holdout: 0.29
treshold_last: 0.29
treshold_snaphot: 0.29
