fold: 0
score_best: 0.6700824884625168
score_holdout: 0.6740453149446601
score_last: 0.6700824884625168
score_snaphot: 0.6700824884625168
treshold_best: 0.35
treshold_holdout: 0.35
treshold_last: 0.35
treshold_snaphot: 0.35
