'Blend with averaged tresh:': 0.6779420930364327
'Time per epoch:': 57.72311417261759
'Time per fold:': 235.1592526435852
'Total work time:': 470.3185052871704
best_score_average: 0.6736153243710117
best_treshold_average: 0.33499999999999996
holdout_blend_score: 0.6784992784992785
holdout_blend_treshold: 0.33
holdout_super_blend_score: 0.6784992784992785
holdout_super_blend_treshold: 0.33
snapshot_score_average: 0.6736153243710117
snapshot_treshold_average: 0.33499999999999996
