fold: 1
score_best: 0.6771481602795065
score_holdout: 0.6743760727047634
score_last: 0.6771481602795065
score_snaphot: 0.6771481602795065
treshold_best: 0.32
treshold_holdout: 0.29
treshold_last: 0.32
treshold_snaphot: 0.32
