'Blend with averaged tresh:': 0.6934254474863684
'Time per epoch:': 42.32333538929621
'Time per fold:': 282.8745723962784
'Total work time:': 565.7491447925568
best_score_average: 0.6813280975796883
best_treshold_average: 0.27
holdout_blend_score: 0.6892791181730235
holdout_blend_treshold: 0.29
holdout_super_blend_score: 0.6940615213510113
holdout_super_blend_treshold: 0.36
snapshot_score_average: 0.6854679744456434
snapshot_treshold_average: 0.36
