fold: 0
score_best: 0.6425339366515838
score_holdout: 0.6473367090039887
score_last: 0.6425339366515838
score_snaphot: 0.6425339366515838
treshold_best: 0.35
treshold_holdout: 0.35
treshold_last: 0.35
treshold_snaphot: 0.35
