fold: 0
score_best: 0.6725812955970232
score_holdout: 0.6766661868432418
score_last: 0.6690285158556494
score_snaphot: 0.6761686729192822
treshold_best: 0.37
treshold_holdout: 0.35
treshold_last: 0.22
treshold_snaphot: 0.33
