fold: 1
score_best: 0.6782564140101746
score_holdout: 0.6784624771201951
score_last: 0.6782564140101746
score_snaphot: 0.6782564140101746
treshold_best: 0.29
treshold_holdout: 0.29
treshold_last: 0.29
treshold_snaphot: 0.29
