fold: 2
score_best: 0.6838805652959303
score_holdout: 0.6841291602251846
score_last: 0.6769037687792994
score_snaphot: 0.6841990078786111
treshold_best: 0.3
treshold_holdout: 0.34
treshold_last: 0.43
treshold_snaphot: 0.37
