fold: 0
score_best: 0.6793152639087019
score_holdout: 0.6827251586230657
score_last: 0.6756507553727216
score_snaphot: 0.6826460731458546
treshold_best: 0.31
treshold_holdout: 0.32
treshold_last: 0.34
treshold_snaphot: 0.36
