'Blend with averaged tresh:': 0.5814548706404761
best_score_average: 0.29297296598425265
best_treshold_average: 0.22999999999999998
holdout_blend_score: 0.5885424055840875
holdout_blend_treshold: 0.18
holdout_super_blend_score: 0.5885424055840875
holdout_super_blend_treshold: 0.18
snapshot_score_average: 0.29297296598425265
snapshot_treshold_average: 0.22999999999999998
