fold: 0
score_best: 0.6800361990950227
score_holdout: 0.6824663587065676
score_last: 0.6821945424436604
score_snaphot: 0.6838755555555556
treshold_best: 0.28
treshold_holdout: 0.27
treshold_last: 0.35
treshold_snaphot: 0.3
