fold: 0
score_best: 0.6840495265841223
score_holdout: 0.6832040151143673
score_last: 0.6813354669770149
score_snaphot: 0.6868984844573914
treshold_best: 0.35
treshold_holdout: 0.34
treshold_last: 0.43
treshold_snaphot: 0.4
