fold: 4
score_best: 0.6833734588166631
score_holdout: 0.6824840581375309
score_last: 0.6810795332522013
score_snaphot: 0.6887042475467373
treshold_best: 0.36
treshold_holdout: 0.35
treshold_last: 0.33
treshold_snaphot: 0.33
