fold: 0
score_best: 0.6468541400369265
score_holdout: 0.6529660896506637
score_last: 0.6468541400369265
score_snaphot: 0.6468541400369265
treshold_best: 0.27
treshold_holdout: 0.27
treshold_last: 0.27
treshold_snaphot: 0.27
