fold: 0
score_best: 0.657525395742848
score_holdout: 0.6614996081163459
score_last: 0.657525395742848
score_snaphot: 0.657525395742848
treshold_best: 0.3
treshold_holdout: 0.31
treshold_last: 0.3
treshold_snaphot: 0.3
