fold: 0
score_best: 0.6744870165244234
score_holdout: 0.6777146830455442
score_last: 0.6724726290345514
score_snaphot: 0.6775237273511648
treshold_best: 0.35
treshold_holdout: 0.35
treshold_last: 0.43
treshold_snaphot: 0.39
