fold: 1
score_best: 0.6641129473569005
score_holdout: 0.6608617240116098
score_last: 0.6641129473569005
score_snaphot: 0.6641129473569005
treshold_best: 0.37
treshold_holdout: 0.34
treshold_last: 0.37
treshold_snaphot: 0.37
