fold: 0
score_best: 0.6524234003392398
score_holdout: 0.655503357638989
score_last: 0.6524234003392398
score_snaphot: 0.6524234003392398
treshold_best: 0.44
treshold_holdout: 0.44
treshold_last: 0.44
treshold_snaphot: 0.44
