fold: 0
score_best: 0.6538379150303462
score_holdout: 0.656375232827228
score_last: 0.658958680748564
score_snaphot: 0.6593864134404674
treshold_best: 0.34
treshold_holdout: 0.33
treshold_last: 0.48
treshold_snaphot: 0.41
