fold: 1
score_best: 0.6646374605935428
score_holdout: 0.6650070106160758
score_last: 0.6646374605935428
score_snaphot: 0.6646374605935428
treshold_best: 0.37
treshold_holdout: 0.36
treshold_last: 0.37
treshold_snaphot: 0.37
