fold: 1
score_best: 0.6556806399051992
score_holdout: 0.6539561487130601
score_last: 0.6556806399051992
score_snaphot: 0.6556806399051992
treshold_best: 0.3
treshold_holdout: 0.25
treshold_last: 0.3
treshold_snaphot: 0.3
