fold: 2
score_best: 0.6818716027618628
score_holdout: 0.6810138964812843
score_last: 0.6735762217615853
score_snaphot: 0.6875252766645833
treshold_best: 0.4
treshold_holdout: 0.38
treshold_last: 0.36
treshold_snaphot: 0.4
