fold: 0
score_best: 0.6662234042553191
score_holdout: 0.6689805518903104
score_last: 0.6671004120581219
score_snaphot: 0.6688172043010753
treshold_best: 0.32
treshold_holdout: 0.29
treshold_last: 0.34
treshold_snaphot: 0.31
