fold: 1
score_best: 0.6799451032832459
score_holdout: 0.6804686811734649
score_last: 0.6799451032832459
score_snaphot: 0.6799451032832459
treshold_best: 0.28
treshold_holdout: 0.33
treshold_last: 0.28
treshold_snaphot: 0.28
