fold: 0
score_best: 0.6760695139063793
score_holdout: 0.6803848829121262
score_last: 0.6760695139063793
score_snaphot: 0.6760695139063793
treshold_best: 0.34
treshold_holdout: 0.35
treshold_last: 0.34
treshold_snaphot: 0.34
