fold: 1
score_best: 0.6876289032818323
score_holdout: 0.6852351691265146
score_last: 0.6824875438272744
score_snaphot: 0.6907323349655099
treshold_best: 0.29
treshold_holdout: 0.28
treshold_last: 0.39
treshold_snaphot: 0.31
