fold: 0
score_best: 0.6809396806839355
score_holdout: 0.6850289780226086
score_last: 0.6765373392413272
score_snaphot: 0.6837556107875505
treshold_best: 0.34
treshold_holdout: 0.32
treshold_last: 0.4
treshold_snaphot: 0.4
