'Blend with averaged tresh:': 0.7004006023240618
best_score_average: 0.6843610487204208
best_treshold_average: 0.324
holdout_blend_score: 0.6983670653173872
holdout_blend_treshold: 0.32
holdout_super_blend_score: 0.7007454739084132
holdout_super_blend_treshold: 0.34
snapshot_score_average: 0.6863791060644975
snapshot_treshold_average: 0.35
