fold: 1
score_best: 0.6678374310085299
score_holdout: 0.668505880644693
score_last: 0.6678374310085299
score_snaphot: 0.6678374310085299
treshold_best: 0.34
treshold_holdout: 0.36
treshold_last: 0.34
treshold_snaphot: 0.34
