fold: 1
score_best: 0.6802881950859043
score_holdout: 0.6835630061088224
score_last: 0.6760305790262994
score_snaphot: 0.687254271213096
treshold_best: 0.35
treshold_holdout: 0.31
treshold_last: 0.43
treshold_snaphot: 0.35
