fold: 1
score_best: 0.6503133779987033
score_holdout: 0.649548884979856
score_last: 0.6538298173580631
score_snaphot: 0.6561133398388088
treshold_best: 0.34
treshold_holdout: 0.33
treshold_last: 0.4
treshold_snaphot: 0.38
