fold: 0
score_best: 0.677485664827437
score_holdout: 0.6817423327003855
score_last: 0.677485664827437
score_snaphot: 0.677485664827437
treshold_best: 0.35
treshold_holdout: 0.35
treshold_last: 0.35
treshold_snaphot: 0.35
