fold: 1
score_best: 0.6496774193548388
score_holdout: 0.6522290885014346
score_last: 0.6496774193548388
score_snaphot: 0.6496774193548388
treshold_best: 0.4
treshold_holdout: 0.37
treshold_last: 0.4
treshold_snaphot: 0.4
