'Blend with averaged tresh:': 0.6765936571148241
'Time per epoch:': 68.14498799377017
'Time per fold:': 691.6563496589661
'Total work time:': 1383.3126993179321
best_score_average: 0.665814168624582
best_treshold_average: 0.325
holdout_blend_score: 0.673320181037484
holdout_blend_treshold: 0.31
holdout_super_blend_score: 0.676516373722793
holdout_super_blend_treshold: 0.33
snapshot_score_average: 0.6680308441093286
snapshot_treshold_average: 0.375
