fold: 0
score_best: 0.6561327561327561
score_holdout: 0.6633538920230334
score_last: 0.6625165468140675
score_snaphot: 0.6636774492010961
treshold_best: 0.28
treshold_holdout: 0.29
treshold_last: 0.42
treshold_snaphot: 0.34
