fold: 1
score_best: 0.6676390154968095
score_holdout: 0.6650557725267625
score_last: 0.6676390154968095
score_snaphot: 0.6676390154968095
treshold_best: 0.37
treshold_holdout: 0.34
treshold_last: 0.37
treshold_snaphot: 0.37
