fold: 2
score_best: 0.6837376786818463
score_holdout: 0.6845939636015865
score_last: 0.6697834999640365
score_snaphot: 0.6833701250919795
treshold_best: 0.33
treshold_holdout: 0.29
treshold_last: 0.35
treshold_snaphot: 0.36
