fold: 0
score_best: 0.6832140464689913
score_holdout: 0.6854338987803168
score_last: 0.6795572269921237
score_snaphot: 0.685695514107384
treshold_best: 0.28
treshold_holdout: 0.27
treshold_last: 0.36
treshold_snaphot: 0.36
