fold: 2
score_best: 0.6851073085846867
score_holdout: 0.6844164250935802
score_last: 0.680499964890106
score_snaphot: 0.6892094212159943
treshold_best: 0.31
treshold_holdout: 0.28
treshold_last: 0.32
treshold_snaphot: 0.35
