fold: 1
score_best: 0.6674155674735469
score_holdout: 0.6659996569664399
score_last: 0.6674155674735469
score_snaphot: 0.6674155674735469
treshold_best: 0.36
treshold_holdout: 0.35
treshold_last: 0.36
treshold_snaphot: 0.36
