fold: 0
score_best: 0.662183750046439
score_holdout: 0.6682031632623664
score_last: 0.6577469323507316
score_snaphot: 0.664565349761811
treshold_best: 0.39
treshold_holdout: 0.36
treshold_last: 0.41
treshold_snaphot: 0.38
