fold: 2
score_best: 0.6814554506186397
score_holdout: 0.6825842696629214
score_last: 0.681681572944201
score_snaphot: 0.6875298790129812
treshold_best: 0.34
treshold_holdout: 0.32
treshold_last: 0.41
treshold_snaphot: 0.39
