fold: 1
score_best: 0.6559340543206398
score_holdout: 0.6600633914421553
score_last: 0.6559340543206398
score_snaphot: 0.6559340543206398
treshold_best: 0.39
treshold_holdout: 0.4
treshold_last: 0.39
treshold_snaphot: 0.39
