fold: 0
score_best: 0.6551724137931035
score_holdout: 0.6604696116891239
score_last: 0.6551724137931035
score_snaphot: 0.6551724137931035
treshold_best: 0.32
treshold_holdout: 0.31
treshold_last: 0.32
treshold_snaphot: 0.32
