fold: 1
score_best: 0.6450207323072599
score_holdout: 0.6466541588492808
score_last: 0.6450207323072599
score_snaphot: 0.6450207323072599
treshold_best: 0.28
treshold_holdout: 0.29
treshold_last: 0.28
treshold_snaphot: 0.28
