fold: 1
score_best: 0.6616290620122037
score_holdout: 0.6581515499425948
score_last: 0.6616290620122037
score_snaphot: 0.6616290620122037
treshold_best: 0.3
treshold_holdout: 0.31
treshold_last: 0.3
treshold_snaphot: 0.3
