fold: 0
score_best: 0.6474799438788358
score_holdout: 0.6512708787218592
score_last: 0.6474799438788358
score_snaphot: 0.6474799438788358
treshold_best: 0.33
treshold_holdout: 0.34
treshold_last: 0.33
treshold_snaphot: 0.33
