fold: 1
score_best: 0.6852103120759837
score_holdout: 0.6826536069126629
score_last: 0.662357000181587
score_snaphot: 0.6833535670927658
treshold_best: 0.38
treshold_holdout: 0.36
treshold_last: 0.24
treshold_snaphot: 0.31
