fold: 3
score_best: 0.6826741996233523
score_holdout: 0.6811020256987379
score_last: 0.6544281104338472
score_snaphot: 0.6775225565261154
treshold_best: 0.36
treshold_holdout: 0.34
treshold_last: 0.24
treshold_snaphot: 0.31
