fold: 0
score_best: 0.6714824797843665
score_holdout: 0.6746981105270635
score_last: 0.669097999566693
score_snaphot: 0.6749646187901441
treshold_best: 0.31
treshold_holdout: 0.3
treshold_last: 0.3
treshold_snaphot: 0.31
