fold: 1
score_best: 0.6774543956249767
score_holdout: 0.6766733819481883
score_last: 0.6774543956249767
score_snaphot: 0.6774543956249767
treshold_best: 0.39
treshold_holdout: 0.34
treshold_last: 0.39
treshold_snaphot: 0.39
