fold: 0
score_best: 0.6674440638437432
score_holdout: 0.6719101123595506
score_last: 0.6674440638437432
score_snaphot: 0.6674440638437432
treshold_best: 0.36
treshold_holdout: 0.35
treshold_last: 0.36
treshold_snaphot: 0.36
