fold: 0
score_best: 0.6795312609641427
score_holdout: 0.684093567251462
score_last: 0.6795312609641427
score_snaphot: 0.6795312609641427
treshold_best: 0.31
treshold_holdout: 0.36
treshold_last: 0.31
treshold_snaphot: 0.31
