fold: 1
score_best: 0.6368830797800158
score_holdout: 0.6400382549014093
score_last: 0.6368830797800158
score_snaphot: 0.6368830797800158
treshold_best: 0.36
treshold_holdout: 0.35
treshold_last: 0.36
treshold_snaphot: 0.36
