'Blend with averaged tresh:': 0.6516670742642864
'Time per epoch:': 54.645161151885986
'Time per fold:': 215.45016527175903
'Total work time:': 430.90033054351807
best_score_average: 0.6437039949870277
best_treshold_average: 0.33999999999999997
holdout_blend_score: 0.6515172586432286
holdout_blend_treshold: 0.34
holdout_super_blend_score: 0.6539926131646003
holdout_super_blend_treshold: 0.33
snapshot_score_average: 0.6481215797403816
snapshot_treshold_average: 0.31
