fold: 1
score_best: 0.6477002992879013
score_holdout: 0.6481720178111086
score_last: 0.6477002992879013
score_snaphot: 0.6477002992879013
treshold_best: 0.32
treshold_holdout: 0.38
treshold_last: 0.32
treshold_snaphot: 0.32
