fold: 0
score_best: 0.6821777570963239
score_holdout: 0.6849741225713397
score_last: 0.6027735424381034
score_snaphot: 0.6605919429980817
treshold_best: 0.29
treshold_holdout: 0.28
treshold_last: 0.3
treshold_snaphot: 0.27
