fold: 3
score_best: 0.6230228787605837
score_holdout: 0.6231698649609096
score_last: 0.6207450107628881
score_snaphot: 0.6248999490649786
treshold_best: 0.28
treshold_holdout: 0.27
treshold_last: 0.36
treshold_snaphot: 0.32
