fold: 0
score_best: 0.6817681180703429
score_holdout: 0.6896394859547367
score_last: 0.6833659202420038
score_snaphot: 0.6874910650464618
treshold_best: 0.34
treshold_holdout: 0.31
treshold_last: 0.41
treshold_snaphot: 0.34
