fold: 1
score_best: 0.686261057952699
score_holdout: 0.6826013173411568
score_last: 0.686261057952699
score_snaphot: 0.686261057952699
treshold_best: 0.32
treshold_holdout: 0.32
treshold_last: 0.32
treshold_snaphot: 0.32
