fold: 0
score_best: 0.6811765973494236
score_holdout: 0.684705882352941
score_last: 0.6786466274595223
score_snaphot: 0.6827381812924678
treshold_best: 0.33
treshold_holdout: 0.33
treshold_last: 0.37
treshold_snaphot: 0.35
