fold: 1
score_best: 0.6813570182620768
score_holdout: 0.6802633059525149
score_last: 0.682893358853057
score_snaphot: 0.6858241640850338
treshold_best: 0.33
treshold_holdout: 0.32
treshold_last: 0.45
treshold_snaphot: 0.38
