fold: 0
score_best: 0.6628170455376068
score_holdout: 0.6679402570336924
score_last: 0.6628170455376068
score_snaphot: 0.6628170455376068
treshold_best: 0.31
treshold_holdout: 0.3
treshold_last: 0.31
treshold_snaphot: 0.31
